                                                            [0m
                                                            [0m
                             [38;2;99;99;98m▄[38;2;50;50;50m[48;2;1;1;1m▀[38;2;28;28;29m▀[38;2;8;8;8m[48;2;1;1;0m▀[38;2;1;2;2m▀[38;2;2;2;2m[48;2;1;1;1m▀[38;2;107;107;107m▀[49m                        [0m
                            [38;2;61;61;61m▄[38;2;3;3;3m[48;2;1;1;0m▀[38;2;0;0;0m▄[38;2;1;1;1m▄[38;2;1;0;0m▄[48;2;0;0;0m▀[48;2;1;0;0m▀[38;2;0;1;0m[48;2;1;1;0m▀[38;2;12;12;13m[48;2;1;1;1m▀[38;2;90;91;91m[49m▄                      [0m
                           [38;2;130;130;129m▄[38;2;24;24;24m[48;2;1;1;1m▀[38;2;1;0;0m▀[38;2;1;0;1m▀[38;2;35;35;36m[49m▀[38;2;65;65;65m▀[38;2;74;74;74m▀[38;2;1;0;0m[48;2;54;54;54m▀[38;2;1;1;0m[48;2;1;1;1m▀▀[38;2;2;2;2m▀[49m                      [0m
                            [38;2;1;1;1m[48;2;1;0;0m▀[48;2;1;1;1m▀[38;2;97;96;96m[48;2;102;102;101m▀[49m    [38;2;1;0;0m[48;2;1;0;1m▀[38;2;1;1;1m[48;2;1;1;0m▀▄[49m                      [0m
                            [38;2;4;4;5m▀[38;2;21;21;21m▀[38;2;119;118;119m▀   [38;2;66;66;66m▄[38;2;1;0;0m[48;2;0;0;0m▀[38;2;1;1;1m[48;2;1;1;1m▀▀[49m                      [0m
                                 [38;2;46;46;46m▄[38;2;3;3;3m[48;2;1;1;1m▀[38;2;1;0;0m[48;2;1;1;0m▀[38;2;1;1;1m[48;2;15;15;15m▀[38;2;76;75;75m[49m▀                      [0m
                                [38;2;111;111;111m[48;2;20;21;20m▀[38;2;1;1;1m[48;2;0;0;0m▀[48;2;0;0;1m▀[38;2;1;0;0m[48;2;41;41;41m▀[38;2;109;108;108m[49m▀   [38;2;19;19;19m▄[38;2;18;18;18m[48;2;1;0;1m▀[38;2;1;1;1m[48;2;1;1;0m▀[38;2;39;39;39m▀[38;2;10;10;10m[49m▄               [0m
                               [38;2;111;110;110m[48;2;118;118;118m▀[38;2;0;0;0m[48;2;1;0;0m▀[38;2;1;1;1m[48;2;1;1;0m▀[38;2;4;4;4m[48;2;38;38;38m▀[49m     [38;2;1;0;0m[48;2;47;47;47m▀[38;2;9;9;9m[48;2;128;128;129m▀[38;2;128;128;128m[49m▀[38;2;36;35;36m▀[38;2;0;1;1m[48;2;1;1;1m▀[38;2;59;60;60m[49m▄              [0m
                               [38;2;127;127;126m▀[38;2;0;0;0m[48;2;1;1;1m▀[38;2;1;1;0m▀[49m         [38;2;79;79;79m▄[38;2;0;0;0m[48;2;1;0;1m▀[38;2;75;74;74m[48;2;115;115;115m▀[49m              [0m
                                [38;2;74;75;75m▀[38;2;98;98;99m▀       [38;2;76;76;76m▄[38;2;65;65;65m[48;2;1;1;1m▀[38;2;7;6;7m▄[38;2;2;2;3m[48;2;109;109;109m▀[49m               [0m
                                [38;2;1;1;1m▄[48;2;128;128;128m▄[38;2;76;76;76m[49m▄      [38;2;19;18;18m[48;2;3;3;4m▀[38;2;2;2;2m[48;2;101;101;101m▀[38;2;119;118;119m[49m▀                [0m
                                [38;2;1;0;0m[48;2;1;0;0m▀[38;2;1;1;0m▀[38;2;67;67;67m[48;2;59;59;59m▀[49m     [38;2;133;132;132m▄[38;2;99;99;99m▄                  [0m
                                [38;2;1;1;1m[48;2;125;125;125m▀[49m▀[38;2;50;50;50m▀     [38;2;80;80;80m[48;2;83;83;83m▀[38;2;1;1;1m[48;2;14;13;14m▀[49m                  [0m
                                                            [0m
                               [38;2;92;77;67m▄[38;2;81;79;78m[48;2;202;153;122m▀[38;2;95;73;59m[48;2;251;189;149m▀[38;2;144;109;88m[48;2;251;189;148m▀[38;2;139;106;86m▀[38;2;99;77;62m[48;2;251;189;147m▀[38;2;76;72;70m[48;2;220;167;132m▀[38;2;92;73;62m[49m▄                     [0m
                             [38;2;120;115;112m▄[38;2;95;78;69m[48;2;216;149;115m▀[38;2;247;185;147m[48;2;238;156;121m▀[38;2;253;189;149m[48;2;239;158;123m▀[38;2;252;188;149m[48;2;240;160;125m▀[38;2;251;188;147m[48;2;246;176;137m▀[38;2;251;189;147m[48;2;252;190;148m▀[38;2;251;188;147m[48;2;250;188;146m▀[38;2;250;188;148m[48;2;251;188;146m▀[38;2;241;183;146m[48;2;252;189;148m▀[38;2;93;75;66m[48;2;216;162;129m▀[38;2;121;118;116m[49m▄                   [0m
                            [38;2;137;136;136m▄[38;2;138;106;85m[48;2;167;126;100m▀[38;2;240;163;128m[48;2;218;149;115m▀[38;2;240;161;125m[48;2;241;161;124m▀[38;2;242;164;130m[48;2;210;151;119m▀[38;2;245;170;135m[48;2;126;86;68m▀[38;2;236;158;122m[48;2;226;167;134m▀[38;2;250;186;148m[48;2;244;173;136m▀[38;2;251;188;147m[48;2;251;188;145m▀[48;2;251;188;147m▀[38;2;251;189;148m[48;2;229;179;146m▀[38;2;246;185;147m[48;2;181;169;157m▀[38;2;120;95;79m[48;2;180;177;168m▀[38;2;103;104;103m[49m▄                  [0m
                            [38;2;81;82;79m[48;2;193;195;187m▀[38;2;114;114;109m[48;2;218;220;210m▀[38;2;159;129;111m[48;2;138;120;106m▀[38;2;253;189;149m[48;2;252;188;149m▀[38;2;162;133;115m[48;2;142;118;103m▀[38;2;177;177;170m[48;2;224;225;215m▀[38;2;100;83;73m[48;2;214;217;206m▀[38;2;169;127;103m[48;2;123;116;106m▀[38;2;251;187;147m[48;2;247;187;147m▀[38;2;249;187;148m[48;2;210;169;145m▀[38;2;198;180;165m[48;2;219;217;206m▀[38;2;233;235;224m[48;2;231;234;224m▀[38;2;233;235;226m[48;2;232;234;224m▀[38;2;133;134;129m[48;2;230;233;222m▀[38;2;79;78;79m[48;2;174;176;168m▀[49m                 [0m
                           [38;2;136;137;134m[48;2;128;129;128m▀[38;2;220;222;212m[48;2;92;83;78m▀[38;2;122;112;105m[48;2;164;95;74m▀[38;2;173;124;98m[48;2;238;149;114m▀[38;2;252;188;148m[48;2;251;188;147m▀[38;2;193;146;116m[48;2;251;187;146m▀[38;2;71;59;52m[48;2;236;176;137m▀[38;2;197;199;190m[48;2;106;79;64m▀[38;2;201;202;193m[48;2;119;119;115m▀[38;2;167;126;101m[48;2;161;121;96m▀[38;2;212;175;150m[48;2;212;175;151m▀[38;2;233;235;224m[48;2;233;235;222m▀[38;2;232;234;224m[48;2;217;214;205m▀[38;2;232;235;223m[48;2;192;182;178m▀[38;2;216;213;204m[48;2;201;193;187m▀[38;2;115;111;109m[48;2;142;132;130m▀[49m                 [0m
                            [38;2;117;84;74m[48;2;139;118;111m▀[38;2;223;134;107m[48;2;239;212;186m▀[38;2;224;143;115m[48;2;245;226;203m▀[38;2;249;181;141m[48;2;243;170;133m▀[38;2;251;187;147m[48;2;251;188;148m▀[38;2;235;165;132m[48;2;244;218;191m▀[38;2;220;154;127m[48;2;251;246;225m▀[38;2;175;128;100m[48;2;235;176;144m▀[38;2;223;167;132m[48;2;252;188;147m▀[38;2;212;175;150m[48;2;231;179;146m▀[38;2;226;227;216m[48;2;202;201;191m▀[38;2;176;165;162m[48;2;67;59;56m▀[38;2;175;162;160m[48;2;63;53;48m▀[38;2;184;170;168m[48;2;162;151;149m▀[38;2;183;169;168m[48;2;174;162;162m▀[38;2;136;135;135m[48;2;141;141;140m▀[49m                [0m
                            [38;2;141;136;134m▀[38;2;221;213;192m[48;2;137;123;108m▀[38;2;195;191;175m[48;2;22;21;20m▀[38;2;243;174;137m[48;2;184;139;110m▀[38;2;251;186;146m[48;2;250;186;145m▀[38;2;216;206;185m[48;2;113;98;84m▀[38;2;209;207;190m[48;2;84;83;77m▀[38;2;250;218;186m[48;2;250;216;184m▀[38;2;252;188;146m[48;2;252;188;147m▀[38;2;242;183;144m[48;2;248;185;146m▀[38;2;182;175;165m[48;2;204;187;168m▀[38;2;202;152;121m[48;2;238;165;129m▀[38;2;227;172;138m[48;2;224;137;106m▀[38;2;105;93;89m[48;2;131;106;91m▀[38;2;133;124;123m[48;2;102;95;93m▀[38;2;59;55;54m[49m▄[38;2;94;93;93m▄               [0m
                            [38;2;131;117;108m[48;2;129;110;100m▀[38;2;218;166;132m[48;2;217;160;129m▀[38;2;95;71;58m[48;2;178;131;105m▀[38;2;250;182;144m[48;2;252;182;144m▀[38;2;252;185;146m[48;2;252;183;145m▀[38;2;191;143;115m[48;2;252;185;145m▀[38;2;153;128;108m[48;2;253;184;144m▀[38;2;251;191;153m[48;2;253;184;147m▀[38;2;252;186;147m[48;2;248;169;135m▀[38;2;235;173;138m[48;2;211;163;140m▀[38;2;213;193;175m[48;2;216;207;192m▀[38;2;226;144;110m[48;2;236;163;125m▀[38;2;227;131;102m[48;2;226;141;108m▀[38;2;133;107;91m[48;2;114;89;75m▀[38;2;83;70;63m[48;2;56;38;33m▀[38;2;99;63;40m[48;2;80;41;30m▀[38;2;89;56;37m[48;2;96;58;38m▀[38;2;57;44;36m[48;2;110;72;49m▀[38;2;92;86;84m[49m▄             [0m
                            [38;2;116;108;105m[48;2;84;84;84m▀[38;2;183;110;87m[48;2;64;53;49m▀[38;2;204;149;119m[48;2;164;121;99m▀[38;2;251;183;145m[48;2;208;153;124m▀[38;2;166;123;100m[48;2;110;104;96m▀[38;2;127;96;78m[48;2;174;175;166m▀[38;2;220;164;132m[48;2;102;96;90m▀[38;2;251;162;131m[48;2;199;125;102m▀[38;2;250;152;121m[48;2;251;150;123m▀[38;2;213;162;142m[48;2;204;171;155m▀[38;2;220;211;199m[48;2;198;189;181m▀[38;2;239;163;127m[48;2;171;128;104m▀[38;2;228;170;134m[48;2;91;70;60m▀[38;2;40;29;25m[48;2;54;42;41m▀[38;2;51;22;18m[48;2;64;27;22m▀[38;2;65;26;21m[48;2;65;25;22m▀[38;2;75;38;28m[48;2;73;34;26m▀[38;2;113;73;49m[48;2;114;73;49m▀[38;2;64;43;28m[48;2;91;56;39m▀[49m             [0m
                            [38;2;48;48;48m[48;2;147;149;141m▀[38;2;211;212;202m[48;2;234;237;224m▀[38;2;122;122;116m[48;2;232;234;221m▀[38;2;100;99;95m[48;2;158;160;152m▀[38;2;221;224;212m[48;2;233;237;223m▀[38;2;232;236;221m[48;2;232;236;222m▀[38;2;231;235;222m[48;2;233;236;223m▀[38;2;123;102;93m[48;2;167;166;159m▀[38;2;233;151;123m[48;2;172;141;126m▀[38;2;211;208;196m[48;2;231;233;221m▀[38;2;187;182;177m[48;2;197;190;185m▀[38;2;35;20;17m[48;2;108;79;71m▀[38;2;125;103;100m[48;2;87;46;37m▀[38;2;51;38;37m[48;2;52;24;21m▀[38;2;64;27;22m[48;2;63;28;23m▀[38;2;65;27;22m[48;2;52;22;18m▀[38;2;77;39;29m[48;2;75;48;33m▀[38;2;114;74;50m[48;2;114;74;49m▀[38;2;90;55;39m[48;2;85;52;36m▀[38;2;74;72;73m[49m▄            [0m
                           [38;2;102;102;100m[48;2;145;146;139m▀[38;2;223;226;213m[48;2;235;235;226m▀[38;2;233;238;224m[48;2;173;175;168m▀[38;2;159;155;151m[48;2;93;87;84m▀[38;2;103;84;77m[48;2;199;136;111m▀[38;2;157;151;149m[48;2;121;91;76m▀[38;2;235;237;227m[48;2;73;71;68m▀[38;2;234;237;224m[48;2;182;183;175m▀[38;2;193;195;186m[48;2;223;224;213m▀[38;2;158;156;149m[48;2;145;145;140m▀[38;2;230;234;221m[48;2;229;231;220m▀[38;2;191;181;178m[48;2;185;172;170m▀[38;2;118;90;83m[48;2;109;101;99m▀[38;2;165;88;66m[48;2;198;106;79m▀[38;2;40;18;15m[48;2;49;24;19m▀[38;2;58;25;20m[48;2;42;21;17m▀[38;2;43;26;19m[48;2;93;61;41m▀[38;2;111;73;49m[48;2;114;75;50m▀[38;2;109;70;48m[48;2;98;62;41m▀[38;2;79;46;32m[48;2;90;55;37m▀[38;2;54;30;22m[48;2;80;43;30m▀[38;2;116;113;112m[48;2;58;37;31m▀[49m           [0m
                          [38;2;48;36;27m▄[38;2;175;177;169m[48;2;52;50;48m▀[38;2;142;142;138m[48;2;166;167;159m▀[38;2;95;95;92m[48;2;228;230;219m▀[38;2;189;185;178m[48;2;233;236;225m▀[38;2;212;195;181m[48;2;206;204;195m▀[38;2;205;173;156m[48;2;207;205;197m▀[38;2;213;209;195m[48;2;231;232;221m▀[38;2;83;84;82m[48;2;178;180;171m▀[38;2;204;207;198m[48;2;83;84;80m▀[38;2;142;143;137m[48;2;191;192;183m▀[38;2;231;236;221m[48;2;224;225;212m▀[38;2;195;185;181m[48;2;194;185;181m▀[38;2;114;104;103m[48;2;114;104;104m▀[38;2;206;109;83m[48;2;176;95;73m▀[38;2;81;43;34m[48;2;40;24;19m▀[38;2;67;44;30m[48;2;111;73;49m▀[38;2;115;75;50m[48;2;116;77;51m▀[38;2;112;72;47m[48;2;115;74;50m▀[38;2;99;61;41m[48;2;114;74;50m▀[38;2;109;69;46m[48;2;115;75;50m▀[38;2;98;61;41m[48;2;116;77;51m▀[38;2;80;44;30m[48;2;88;49;33m▀[38;2;63;52;49m[48;2;66;38;27m▀[49m          [0m
                         [38;2;86;82;79m[48;2;57;38;26m▀[38;2;99;65;43m[48;2;102;64;41m▀[38;2;122;119;112m[48;2;121;119;111m▀[38;2;232;234;223m[48;2;234;235;227m▀[38;2;232;235;225m[48;2;233;234;226m▀[38;2;231;232;222m[48;2;233;235;227m▀[38;2;222;222;212m[48;2;233;236;226m▀[38;2;222;223;213m[48;2;234;235;226m▀[38;2;233;236;224m[48;2;232;235;224m▀[38;2;233;235;226m[48;2;232;234;225m▀[38;2;232;235;225m[48;2;231;234;226m▀[38;2;232;235;223m[48;2;233;234;226m▀[38;2;233;235;224m[48;2;215;213;204m▀[38;2;195;186;181m[48;2;190;180;177m▀[38;2;112;103;103m[48;2;88;82;82m▀[38;2;87;50;40m[48;2;61;40;27m▀[38;2;91;59;40m[48;2;114;74;49m▀[38;2;115;75;50m[48;2;115;76;50m▀[38;2;116;76;51m[48;2;116;76;51m▀[38;2;115;75;51m[48;2;115;77;51m▀[38;2;115;75;52m[48;2;113;73;48m▀[38;2;115;75;50m[48;2;97;59;41m▀[38;2;116;76;51m[48;2;94;57;39m▀[38;2;86;48;33m[48;2;83;45;31m▀[38;2;69;39;28m[48;2;70;38;28m▀[49m          [0m
      [38;2;88;82;82m▄[38;2;94;91;84m▄[38;2;117;117;116m[48;2;161;154;128m▀[38;2;112;109;96m[48;2;226;214;175m▀[38;2;84;83;79m[48;2;217;210;173m▀[38;2;80;78;69m[49m▄             [38;2;55;38;26m[48;2;55;47;43m▀[38;2;103;65;42m[48;2;103;65;43m▀[38;2;122;118;110m[48;2;47;38;34m▀[38;2;233;236;223m[48;2;224;226;215m▀[38;2;232;237;223m[48;2;233;236;222m▀[38;2;233;236;224m[48;2;233;235;222m▀[38;2;232;237;223m[48;2;234;234;223m▀[38;2;232;237;222m[48;2;234;235;223m▀[38;2;232;236;223m[48;2;234;236;223m▀[38;2;232;235;225m[48;2;232;236;224m▀[38;2;232;234;226m[48;2;231;234;224m▀[38;2;220;219;211m[48;2;203;196;190m▀[38;2;187;176;173m[48;2;182;168;167m▀[38;2;183;171;169m[48;2;92;86;85m▀[38;2;46;37;32m[48;2;60;40;29m▀[38;2;98;64;44m[48;2;114;75;50m▀[38;2;114;75;51m▄[38;2;114;74;50m▄[38;2;115;75;51m[48;2;93;57;40m▀[38;2;102;64;43m[48;2;61;35;26m▀[38;2;79;46;32m[48;2;22;12;11m▀[38;2;52;31;24m[48;2;33;19;16m▀[38;2;44;25;20m[48;2;42;25;19m▀[38;2;68;38;27m[48;2;20;12;10m▀[38;2;70;39;27m[48;2;47;28;22m▀[49m          [0m
      [38;2;74;50;44m[48;2;93;88;88m▀[38;2;128;74;54m[48;2;99;46;35m▀[38;2;215;197;161m[48;2;128;73;56m▀[38;2;241;225;182m[48;2;223;206;169m▀[38;2;238;219;178m[48;2;241;226;185m▀[38;2;232;223;184m[48;2;236;216;178m▀[38;2;90;89;76m[48;2;240;229;188m▀[38;2;123;121;104m[49m▄          [38;2;40;36;35m▄[38;2;19;10;9m[48;2;36;19;15m▀[38;2;87;55;36m[48;2;26;17;13m▀[38;2;67;43;30m[48;2;74;50;32m▀[38;2;192;194;185m[48;2;109;108;103m▀[38;2;234;236;224m[48;2;231;234;222m▀[38;2;234;234;224m[48;2;234;236;223m▀[38;2;235;233;224m[48;2;235;234;225m▀[38;2;235;234;224m[48;2;235;235;224m▀[38;2;235;235;223m[48;2;233;237;222m▀[38;2;233;236;223m[48;2;213;209;201m▀[38;2;212;210;201m[48;2;189;178;176m▀[38;2;181;168;167m[48;2;166;154;153m▀[38;2;127;118;117m[48;2;59;54;53m▀[38;2;63;52;46m[48;2;95;63;43m▀[38;2;111;74;50m[48;2;113;74;50m▀[38;2;115;75;50m[48;2;114;75;50m▀[38;2;114;75;49m[48;2;86;52;35m▀[38;2;95;59;40m[48;2;38;22;17m▀[38;2;47;27;20m[48;2;34;19;15m▀[38;2;23;14;11m[48;2;78;44;30m▀[38;2;69;40;29m[48;2;89;51;32m▀[38;2;83;47;32m[48;2;94;55;36m▀[38;2;83;47;33m[48;2;90;51;33m▀[38;2;60;36;26m[48;2;86;50;32m▀[38;2;50;49;50m[48;2;42;27;21m▀[49m          [0m
       [38;2;56;23;19m[48;2;41;17;15m▀[38;2;102;48;36m[48;2;70;27;22m▀[38;2;131;79;61m[48;2;105;49;36m▀[38;2;221;203;165m[48;2;129;74;58m▀[38;2;248;237;194m[48;2;226;209;172m▀[38;2;235;215;176m[48;2;241;226;184m▀[38;2;225;214;177m[48;2;243;229;186m▀[38;2;125;125;117m[48;2;178;173;145m▀[49m    [38;2;122;121;122m▄[38;2;118;116;99m▄[38;2;169;165;138m▄[38;2;92;92;92m[48;2;219;213;176m▀[38;2;76;76;71m[48;2;243;232;191m▀[38;2;87;86;74m[48;2;240;223;180m▀[38;2;133;130;108m[48;2;238;221;178m▀[38;2;178;173;143m▀[38;2;82;72;57m[48;2;222;214;176m▀[38;2;29;20;15m[48;2;62;57;49m▀[38;2;208;208;198m[48;2;44;43;43m▀[38;2;228;229;217m[48;2;203;204;195m▀[38;2;236;234;225m[48;2;235;234;224m▀[38;2;225;224;214m▄[38;2;214;212;202m[48;2;189;178;174m▀[38;2;187;176;173m[48;2;152;142;141m▀[38;2;163;152;151m[48;2;33;31;29m▀[38;2;57;54;53m[48;2;46;31;21m▀[38;2;72;48;34m[48;2;112;73;48m▀[38;2;113;73;49m[48;2;103;64;43m▀[38;2;109;69;46m[48;2;64;37;26m▀[38;2;78;46;33m[48;2;23;14;10m▀[38;2;30;17;13m[48;2;63;38;27m▀[38;2;47;28;21m[48;2;107;68;47m▀[38;2;93;56;38m[48;2;116;76;52m▀[38;2;108;68;46m[48;2;116;77;53m▀[38;2;115;75;51m[48;2;116;76;52m▀[38;2;114;76;50m[48;2;116;76;51m▀[38;2;113;73;49m[48;2;116;76;52m▀[38;2;92;55;35m[48;2;109;68;46m▀[38;2;78;46;31m[48;2;86;51;32m▀[38;2;100;97;97m[48;2;49;36;31m▀[49m         [0m
       [38;2;67;55;53m[48;2;115;112;112m▀[38;2;70;28;21m[48;2;67;25;22m▀[38;2;69;27;21m[48;2;69;27;22m▀[38;2;108;51;39m[48;2;67;27;21m▀[38;2;131;80;62m[48;2;114;55;41m▀[38;2;228;214;174m[48;2;132;82;65m▀[38;2;246;234;191m[48;2;236;223;182m▀[38;2;235;222;183m[48;2;241;225;182m▀[38;2;141;141;134m[48;2;133;130;111m▀[49m [38;2;103;103;92m▄[38;2;100;100;94m[48;2;208;199;162m▀[38;2;177;174;145m[48;2;238;221;178m▀[38;2;237;223;183m[48;2;245;232;190m▀[38;2;236;217;176m[48;2;242;230;189m▀[38;2;236;217;175m[48;2;203;182;148m▀[38;2;242;227;184m[48;2;165;129;104m▀[38;2;247;235;192m[48;2;137;85;66m▀[38;2;223;205;168m[48;2;128;63;46m▀[38;2;181;151;121m[48;2;133;67;47m▀[38;2;150;105;81m[48;2;130;65;46m▀[38;2;111;61;43m[48;2;116;57;43m▀[38;2;47;25;18m[48;2;84;43;31m▀[38;2;98;98;95m[48;2;51;37;28m▀[38;2;234;237;224m[48;2;157;158;152m▀[38;2;203;198;191m[48;2;145;141;137m▀[38;2;117;110;109m[48;2;59;51;47m▀[38;2;78;64;54m[48;2;186;141;111m▀[38;2;102;83;70m[48;2;80;55;38m▀[38;2;101;66;42m[48;2;102;66;42m▀[38;2;100;62;41m[48;2;46;26;19m▀[38;2;58;34;24m[48;2;30;18;14m▀[38;2;22;13;10m[48;2;93;59;40m▀[38;2;80;50;35m[48;2;115;75;50m▀[38;2;113;72;49m[48;2;115;76;51m▀[38;2;115;75;52m[48;2;116;75;52m▀[38;2;117;77;52m[48;2;117;76;52m▀[38;2;116;76;51m[48;2;116;77;51m▀[48;2;116;76;52m▄[38;2;116;77;52m[48;2;117;77;51m▀[38;2;116;78;52m[48;2;116;76;52m▀[38;2;116;77;52m▄[38;2;94;56;36m[48;2;101;63;41m▀[38;2;60;35;25m[48;2;83;50;32m▀[38;2;115;114;114m[49m▄        [0m
        [38;2;54;20;18m[48;2;44;24;21m▀[38;2;69;26;23m[48;2;70;26;23m▀[38;2;68;27;21m[48;2;68;27;22m▀[38;2;70;28;23m[48;2;67;28;22m▀[38;2;112;54;40m[48;2;71;28;22m▀[38;2;141;93;76m[48;2;109;51;39m▀[38;2;239;223;184m[48;2;180;150;123m▀[38;2;156;151;126m[48;2;224;215;177m▀[38;2;111;110;94m[48;2;207;194;163m▀[38;2;241;233;192m[48;2;136;85;64m▀[38;2;217;194;159m[48;2;127;62;43m▀[38;2;184;154;127m[48;2;130;65;46m▀[38;2;153;110;87m[48;2;127;65;47m▀[38;2;131;71;52m[48;2;115;57;42m▀[38;2;129;63;44m[48;2;104;51;39m▀[38;2;128;65;46m▀[38;2;122;61;45m[48;2;105;51;37m▀[38;2;110;54;40m[48;2;104;51;38m▀[38;2;103;50;37m[48;2;104;51;37m▀[38;2;97;46;36m[48;2;105;51;38m▀[38;2;129;65;46m[48;2;110;53;38m▀[38;2;101;52;38m[48;2;118;59;44m▀[38;2;65;44;29m[48;2;58;38;27m▀[38;2;25;18;14m[48;2;89;60;19m▀[38;2;75;50;13m[48;2;177;115;11m▀[38;2;95;69;40m[48;2;141;92;11m▀[38;2;132;100;79m[48;2;123;82;17m▀[38;2;86;57;37m[48;2;25;17;11m▀[38;2;34;20;15m[48;2;75;49;33m▀[38;2;50;31;23m[48;2;115;75;49m▀[38;2;104;67;44m[48;2;115;75;50m▀[38;2;116;76;52m[48;2;116;75;52m▀[48;2;117;75;53m▀[38;2;117;75;52m[48;2;117;76;52m▀[38;2;115;76;52m[48;2;116;78;53m▀[38;2;115;77;51m[48;2;116;77;52m▀[48;2;116;78;52m▄[38;2;116;78;52m▀[38;2;117;77;52m[48;2;116;75;52m▀[48;2;116;76;52m▀[38;2;116;77;52m[48;2;116;76;51m▀[38;2;108;69;46m[48;2;113;75;50m▀[38;2;87;52;32m[48;2;87;50;31m▀[38;2;82;73;70m[48;2;52;35;28m▀[49m        [0m
        [38;2;81;71;70m▀[38;2;69;26;22m[48;2;62;24;21m▀[38;2;68;28;22m[48;2;68;26;23m▀[48;2;69;27;22m▄[38;2;69;26;22m[48;2;70;26;23m▀[38;2;61;24;21m[48;2;60;22;19m▀[38;2;99;61;46m[48;2;110;53;38m▀[38;2;110;95;80m[48;2;129;65;46m▀[38;2;105;65;51m[48;2;133;66;48m▀[38;2;124;62;43m[48;2;88;40;29m▀[38;2;110;55;40m[48;2;115;56;40m▀[38;2;103;49;37m[48;2;110;54;39m▀[38;2;103;50;38m[48;2;104;51;38m▀[38;2;105;51;37m[48;2;105;52;37m▀[38;2;105;51;36m[48;2;106;52;37m▀[38;2;105;52;38m[48;2;105;52;38m▀[38;2;105;52;37m[48;2;105;51;36m▀[38;2;107;52;38m[48;2;106;52;38m▀[38;2;105;52;37m[48;2;105;52;38m▀[38;2;104;51;38m▀[38;2;98;48;36m[48;2;104;52;37m▀[38;2;110;55;41m[48;2;105;51;37m▀[38;2;65;39;29m[48;2;70;38;28m▀[38;2;98;65;18m[48;2;36;26;20m▀[38;2;208;135;11m[48;2;123;80;12m▀[38;2;225;143;9m[48;2;136;89;13m▀[38;2;224;144;10m[48;2;145;95;14m▀[38;2;115;78;18m[48;2;88;60;21m▀[38;2;113;74;50m[48;2;116;76;51m▀[38;2;116;75;52m▄[48;2;116;76;53m▀[38;2;116;75;51m[48;2;116;77;52m▀[38;2;117;76;52m[48;2;117;77;53m▀[38;2;116;77;52m[48;2;115;76;52m▀[38;2;110;72;49m[48;2;68;43;30m▀[38;2;110;73;50m[48;2;100;67;45m▀[38;2;116;77;52m[48;2;116;78;52m▀[38;2;117;77;52m[48;2;117;76;52m▀[48;2;116;77;52m▄[38;2;115;76;51m[48;2;116;76;51m▀[38;2;116;76;53m[48;2;117;76;52m▀[38;2;116;76;52m[48;2;117;77;52m▀[38;2;91;55;35m[48;2;95;58;37m▀[38;2;54;32;22m[48;2;65;38;25m▀[49m        [0m
         [38;2;45;18;16m[48;2;53;35;34m▀[38;2;68;26;23m[48;2;69;26;23m▀[38;2;68;28;22m[48;2;69;28;23m▀[38;2;69;27;25m[48;2;69;26;22m▀[38;2;68;24;21m[48;2;69;26;21m▀[38;2;62;23;19m[48;2;60;21;18m▀[38;2;84;36;29m[48;2;89;39;29m▀[38;2;114;56;41m[48;2;104;51;37m▀[38;2;92;43;31m[48;2;100;48;34m▀[38;2;104;52;37m[48;2;105;51;38m▀[38;2;104;51;38m[48;2;104;51;37m▀[48;2;105;51;37m▀[38;2;106;53;37m[48;2;107;53;38m▀[38;2;107;53;38m▀[38;2;105;52;38m[48;2;106;53;38m▀▀[48;2;105;53;38m▄[38;2;105;52;37m[48;2;106;52;38m▀[38;2;105;52;38m▀[38;2;104;51;37m[48;2;104;50;36m▀[38;2;104;51;38m[48;2;104;52;38m▀[38;2;84;43;32m[48;2;106;54;38m▀[38;2;71;50;35m[48;2;67;45;32m▀[38;2;110;72;17m[48;2;70;47;34m▀[38;2;101;66;17m[48;2;56;38;28m▀[38;2;73;49;27m[48;2;114;76;51m▀[38;2;86;58;39m[48;2;115;75;51m▀[38;2;115;75;50m[48;2;116;75;51m▀[38;2;117;76;52m▀[48;2;118;77;52m▄[38;2;116;77;52m[48;2;116;76;52m▀[38;2;117;77;52m[48;2;117;77;52m▀[38;2;109;70;47m[48;2;92;56;39m▀[38;2;58;37;26m[48;2;59;39;27m▀[38;2;116;78;52m[48;2;110;70;46m▀[38;2;116;77;52m[48;2;112;71;49m▀[48;2;115;76;52m▀[38;2;117;76;52m[48;2;116;75;52m▀[38;2;116;76;51m[48;2;116;75;51m▀[38;2;117;77;51m[48;2;117;76;52m▀[38;2;117;78;52m[48;2;116;77;52m▀[38;2;99;60;40m[48;2;101;62;40m▀[38;2;80;47;32m[48;2;86;51;34m▀[38;2;111;109;107m[49m▄       [0m
         [38;2;97;91;90m▀[38;2;68;26;22m[48;2;58;22;19m▀[38;2;67;27;23m[48;2;68;27;22m▀[38;2;67;27;22m[48;2;67;28;22m▀[38;2;68;26;22m[48;2;69;27;21m▀[38;2;59;21;18m[48;2;60;22;18m▀[38;2;79;31;24m[48;2;74;29;22m▀[38;2;90;41;31m[48;2;94;45;33m▀[38;2;109;51;37m[48;2;118;59;43m▀[38;2;101;49;36m[48;2;90;41;31m▀[38;2;104;51;37m[48;2;104;52;37m▀[38;2;105;51;38m[48;2;105;52;38m▀[38;2;107;53;39m[48;2;105;53;38m▀[38;2;106;54;38m[48;2;107;53;38m▀[38;2;106;53;38m[48;2;106;53;39m▀[38;2;104;52;38m▄[38;2;106;52;38m[48;2;105;52;37m▀[38;2;107;54;39m[48;2;106;53;39m▀[38;2;106;53;38m[48;2;106;53;38m▀[38;2;105;52;38m[48;2;106;52;38m▀[38;2;104;51;37m[48;2;105;52;37m▀[38;2;117;59;42m[48;2;109;54;39m▀[38;2;63;40;28m[48;2;84;52;30m▀[38;2;131;88;51m[48;2;232;161;55m▀[38;2;114;76;52m[48;2;137;92;49m▀[38;2;116;76;52m[48;2;114;75;51m▀[38;2;116;76;51m[48;2;115;76;52m▀[38;2;115;75;51m[48;2;116;75;51m▀[38;2;116;76;51m[48;2;116;76;51m▀▀[38;2;116;77;51m[48;2;117;76;51m▀[48;2;113;74;50m▀[38;2;80;48;33m[48;2;59;33;23m▀[38;2;66;43;30m[48;2;69;44;30m▀[38;2;101;64;43m[48;2;113;73;50m▀[38;2;115;75;50m[48;2;117;77;52m▀[38;2;116;74;50m▀[38;2;116;76;50m▀[38;2;117;76;52m[48;2;116;77;52m▀[38;2;116;77;51m▀[38;2;117;77;53m[48;2;117;77;53m▀[38;2;103;64;41m[48;2;105;67;44m▀[38;2;88;51;32m[48;2;87;51;31m▀[38;2;91;84;82m[48;2;75;65;59m▀[49m       [0m
          [38;2;41;17;14m[48;2;28;17;17m▀[38;2;68;26;20m[48;2;65;25;21m▀[38;2;67;28;23m[48;2;68;26;22m▀[38;2;68;27;22m[48;2;68;26;21m▀[38;2;67;26;21m[48;2;70;25;23m▀[38;2;64;25;19m[48;2;59;21;18m▀[38;2;97;47;35m[48;2;86;37;29m▀[38;2;120;62;45m[48;2;109;55;40m▀[38;2;90;41;30m[48;2;100;47;34m▀[38;2;105;52;38m[48;2;99;49;36m▀[38;2;105;53;38m[48;2;98;47;35m▀[38;2;106;52;38m[48;2;105;52;37m▀[48;2;105;52;38m▄[38;2;106;52;37m▄[38;2;105;52;37m▄[38;2;106;52;38m[48;2;106;52;38m▀[38;2;106;53;39m[48;2;105;52;39m▀[38;2;106;52;39m[48;2;105;52;38m▀[38;2;106;52;38m▄[38;2;106;53;38m▄[38;2;104;51;38m[48;2;105;52;39m▀[38;2;78;41;29m[48;2;92;47;34m▀[38;2;211;146;55m[48;2;83;56;38m▀[38;2;134;91;50m[48;2;114;77;52m▀[38;2;115;76;52m[48;2;116;76;52m▀[38;2;116;76;52m▀[38;2;116;76;51m[48;2;116;75;52m▀[38;2;115;76;52m▄[38;2;116;76;52m[48;2;116;76;51m▀[38;2;115;77;52m▄[38;2;109;70;47m[48;2;100;63;43m▀[38;2;57;33;25m[48;2;49;31;22m▀[38;2;74;46;30m[48;2;107;68;46m▀[38;2;117;75;52m[48;2;117;75;52m▀[38;2;116;76;52m[48;2;117;76;52m▀[38;2;118;76;51m▄[38;2;116;75;51m▄[38;2;117;77;52m[48;2;117;77;52m▀[38;2;117;76;52m[48;2;117;76;52m▀[38;2;116;76;52m[48;2;117;77;52m▀[38;2;109;68;46m[48;2;111;71;47m▀[38;2;87;51;32m[48;2;87;51;33m▀[38;2;52;36;29m[48;2;49;29;20m▀[49m       [0m
         [38;2;141;127;124m[48;2;136;116;111m▀[38;2;146;78;57m[48;2;226;116;83m▀[38;2;38;16;14m[48;2;130;65;49m▀[38;2;69;25;23m[48;2;56;21;19m▀[38;2;69;26;22m[48;2;70;25;21m▀[38;2;68;26;23m[48;2;69;26;23m▀[38;2;57;20;17m[48;2;61;21;19m▀[38;2;75;28;22m[48;2;71;26;22m▀[38;2;95;45;33m[48;2;95;46;34m▀[38;2;108;51;37m[48;2;114;56;40m▀[38;2;99;49;36m[48;2;92;42;32m▀[38;2;91;44;32m[48;2;97;48;35m▀[38;2;105;52;37m[48;2;100;49;36m▀[38;2;106;52;37m[48;2;106;52;37m▀[38;2;106;53;38m[48;2;106;52;38m▀[38;2;106;52;37m[48;2;105;52;38m▀[38;2;106;52;38m[48;2;106;52;38m▀[48;2;105;52;38m▀[48;2;105;53;38m▄[48;2;105;52;38m▀[38;2;105;53;38m[48;2;105;53;38m▀[38;2;105;52;38m[48;2;105;52;38m▀[38;2;111;57;42m[48;2;114;58;42m▀[38;2;32;21;16m[48;2;86;62;50m▀[38;2;62;40;29m[48;2;163;125;99m▀[38;2;109;72;50m[48;2;62;45;36m▀[38;2;116;77;52m[48;2;107;70;49m▀[38;2;116;75;52m[48;2;115;75;51m▀[38;2;116;76;52m[48;2;115;76;52m▀[38;2;116;75;52m[48;2;115;76;51m▀[38;2;115;77;52m▀[38;2;94;58;40m[48;2;88;53;37m▀[38;2;51;34;24m[48;2;69;45;31m▀[38;2;115;77;51m[48;2;102;66;45m▀[38;2;116;77;51m[48;2;58;38;27m▀[38;2;117;78;52m[48;2;53;35;25m▀[38;2;116;77;52m[48;2;78;48;32m▀[38;2;116;76;51m[48;2;100;62;41m▀[38;2;117;76;51m[48;2;114;74;51m▀[38;2;116;77;52m[48;2;117;76;52m▀[38;2;118;77;52m[48;2;117;77;52m▀[38;2;112;72;48m[48;2;114;73;49m▀[38;2;88;51;33m[48;2;88;51;32m▀[38;2;59;35;24m[48;2;67;39;25m▀[49m       [0m
          [38;2;172;87;65m[48;2;159;80;60m▀[38;2;119;61;46m[48;2;115;58;44m▀[38;2;52;20;18m[48;2;76;38;29m▀[38;2;69;25;21m[48;2;52;20;17m▀[38;2;69;27;23m[48;2;69;27;22m▀[38;2;67;26;22m[48;2;69;26;22m▀[38;2;64;23;20m[48;2;60;20;18m▀[38;2;95;46;34m[48;2;90;43;31m▀[38;2;120;61;45m[48;2;111;56;40m▀[38;2;89;41;30m[48;2;97;47;33m▀[38;2;103;52;38m[48;2;104;51;38m▀[38;2;104;52;38m[48;2;104;52;38m▀[38;2;106;52;37m[48;2;105;52;38m▀[38;2;105;52;37m[48;2;105;52;37m▀[48;2;105;53;39m▀[38;2;106;52;38m[48;2;105;52;38m▀[38;2;105;52;37m▄[38;2;106;52;38m[48;2;105;51;38m▀[38;2;105;52;38m[48;2;103;52;37m▀[38;2;104;52;38m[48;2;57;28;23m▀[38;2;103;51;38m[48;2;57;39;33m▀[38;2;93;46;35m[48;2;90;68;56m▀[38;2;70;46;35m[48;2;123;93;74m▀[38;2;214;160;128m[48;2;197;148;117m▀[38;2;209;158;126m[48;2;251;188;146m▀[38;2;67;46;35m[48;2;125;94;76m▀[38;2;114;74;50m[48;2;50;34;24m▀[38;2;115;75;51m[48;2;33;23;18m▀[38;2;87;57;40m[48;2;50;35;25m▀[38;2;76;50;34m[48;2;56;38;27m▀[38;2;48;28;20m[48;2;56;36;25m▀[38;2;54;33;22m[48;2;81;50;32m▀[38;2;34;22;14m[48;2;113;73;50m▀[38;2;21;14;11m[48;2;116;74;50m▀[38;2;11;8;6m[48;2;114;73;51m▀[38;2;8;5;5m[48;2;97;62;43m▀[38;2;66;39;27m[48;2;40;26;18m▀[38;2;100;62;41m[48;2;70;42;27m▀[38;2;117;78;53m[48;2;117;77;52m▀[38;2;116;77;52m[48;2;115;78;51m▀[38;2;116;76;51m[48;2;118;77;51m▀[38;2;88;51;32m[48;2;88;50;32m▀[38;2;75;43;28m[48;2;82;47;31m▀[49m       [0m
          [38;2;172;89;65m[48;2;130;88;78m▀[38;2;223;112;80m[48;2;193;94;69m▀[38;2;219;109;78m[48;2;190;92;67m▀[38;2;69;33;26m[48;2;56;26;21m▀[38;2;69;27;23m[48;2;64;24;21m▀[38;2;69;26;23m[48;2;69;28;22m▀[38;2;59;20;17m[48;2;62;21;18m▀[38;2;81;34;26m[48;2;69;26;21m▀[38;2;100;48;35m[48;2;94;44;33m▀[38;2;106;51;37m[48;2;114;56;40m▀[38;2;102;51;37m[48;2;94;45;33m▀[38;2;103;49;34m[48;2;103;51;37m▀[38;2;104;50;36m[48;2;103;50;37m▀[38;2;105;51;37m[48;2;104;50;37m▀[38;2;105;52;39m[48;2;104;51;36m▀[38;2;105;52;38m[48;2;105;52;38m▀[38;2;106;52;38m▀[48;2;105;52;37m▀[38;2;69;39;30m[48;2;101;67;53m▀[38;2;163;112;87m[48;2;241;160;125m▀[38;2;243;181;141m[48;2;251;185;145m▀[38;2;251;186;145m[48;2;249;186;146m▀[38;2;250;188;145m[48;2;245;184;145m▀[38;2;251;187;146m[48;2;250;187;146m▀[38;2;250;186;145m[48;2;250;186;145m▀[38;2;227;171;134m[48;2;251;188;146m▀[38;2;36;27;22m[48;2;103;79;64m▀[38;2;102;70;49m[48;2;33;23;17m▀[38;2;117;78;53m[48;2;117;78;54m▀[38;2;117;77;53m[48;2;116;77;53m▀[38;2;102;65;43m[48;2;107;69;45m▀[38;2;116;76;52m[48;2;110;71;48m▀[48;2;116;77;52m▀[38;2;116;77;53m▄[38;2;116;76;52m▄[38;2;115;75;50m[48;2;116;76;51m▀[38;2;114;75;51m[48;2;116;77;52m▀[38;2;68;41;27m[48;2;115;76;51m▀[38;2;112;73;49m[48;2;116;76;51m▀[38;2;117;77;51m[48;2;117;76;52m▀[38;2;119;77;53m[48;2;103;65;42m▀[38;2;88;50;31m[48;2;86;48;31m▀[38;2;87;48;34m[48;2;87;47;35m▀[38;2;111;108;108m[48;2;105;100;99m▀[49m      [0m
          [38;2;129;98;88m[48;2;132;121;117m▀[38;2;216;108;74m[48;2;180;90;65m▀[38;2;209;102;73m[48;2;208;102;74m▀[38;2;174;89;65m[48;2;157;76;57m▀[38;2;43;16;15m[48;2;43;16;15m▀[38;2;69;26;23m[48;2;69;28;22m▀[38;2;67;24;22m[48;2;70;27;22m▀[38;2;63;22;18m[48;2;60;21;17m▀[38;2;93;43;33m[48;2;90;41;30m▀[38;2;121;62;45m[48;2;114;57;40m▀[38;2;85;40;28m[48;2;96;45;33m▀[38;2;104;51;37m[48;2;104;51;37m▀[38;2;105;52;37m[48;2;105;51;37m▀[38;2;104;51;37m[48;2;105;52;38m▀[48;2;104;50;36m▄[48;2;104;51;37m▀[38;2;105;52;37m[48;2;105;52;37m▀[38;2;105;52;38m[48;2;87;44;33m▀[38;2;56;35;27m[48;2;117;60;45m▀[38;2;107;73;58m[48;2;179;94;69m▀[38;2;82;61;50m[48;2;211;139;106m▀[38;2;70;53;45m[48;2;243;183;144m▀[38;2;73;55;47m[48;2;252;189;149m▀[38;2;241;181;142m[48;2;251;188;146m▀[38;2;250;186;145m[48;2;251;187;145m▀[38;2;251;188;147m[48;2;251;187;146m▀[38;2;241;181;142m[48;2;250;188;146m▀[38;2;146;85;65m[48;2;218;131;99m▀[38;2;85;57;40m[48;2;71;46;34m▀[38;2;118;78;54m[48;2;118;78;53m▀[48;2;115;75;52m▄[38;2;100;63;42m[48;2;101;63;43m▀[38;2;117;76;51m[48;2;115;76;50m▀[38;2;117;78;53m[48;2;116;77;52m▀[38;2;118;77;53m▀[38;2;116;76;52m[48;2;117;77;52m▀[38;2;116;77;51m▀[38;2;116;76;52m[48;2;117;76;51m▀[48;2;116;76;51m▀[38;2;117;77;52m[48;2;117;76;52m▀[38;2;103;65;42m[48;2;98;62;39m▀[38;2;86;48;30m[48;2;85;46;31m▀[38;2;87;48;34m[48;2;87;48;33m▀[38;2;99;92;91m[48;2;93;84;82m▀[49m      [0m
           [38;2;129;66;48m[48;2;113;77;68m▀[38;2;202;98;71m[48;2;175;87;64m▀[38;2;175;87;63m[48;2;136;68;51m▀[38;2;41;15;14m[48;2;49;18;16m▀[38;2;69;28;22m[48;2;69;27;23m▀[38;2;70;27;22m[48;2;70;25;21m▀[38;2;59;21;18m[48;2;61;21;18m▀[38;2;78;31;23m[48;2;73;27;22m▀[38;2;100;50;35m[48;2;95;46;34m▀[38;2;105;50;37m[48;2;112;54;39m▀[38;2;104;51;37m[48;2;97;46;34m▀[38;2;104;52;37m[48;2;105;51;37m▀[38;2;105;52;38m[48;2;105;52;37m▀▄[38;2;104;50;37m[48;2;104;51;36m▀[38;2;104;51;37m[48;2;103;50;37m▀[38;2;75;37;27m[48;2;101;50;37m▀[38;2;165;86;64m[48;2;54;27;22m▀[38;2;226;114;82m[48;2;192;95;70m▀[38;2;235;146;111m[48;2;200;107;81m▀[38;2;246;181;139m[48;2;219;135;106m▀[38;2;245;178;137m[48;2;225;144;112m▀[38;2;251;187;146m[48;2;250;186;146m▀[38;2;251;187;145m[48;2;250;187;146m▀[38;2;251;187;146m[48;2;251;187;146m▀[38;2;251;187;145m[48;2;252;187;146m▀[38;2;234;143;108m[48;2;233;139;104m▀[38;2;93;55;41m[48;2;107;60;44m▀[38;2;118;78;53m[48;2;118;78;54m▀[38;2;118;77;53m▄[38;2;104;66;45m[48;2;109;68;47m▀[38;2;112;73;50m[48;2;109;70;47m▀[38;2;116;75;52m[48;2;116;76;51m▀[38;2;116;76;52m[48;2;116;77;52m▀[38;2;117;77;52m▀▀[48;2;117;77;52m▀[38;2;117;76;53m▀[38;2;117;76;52m[48;2;115;75;51m▀[38;2;92;57;34m[48;2;88;53;31m▀[38;2;86;46;31m[48;2;86;47;31m▀[38;2;87;49;32m[48;2;89;49;32m▀[38;2;92;84;81m[48;2;92;85;82m▀[49m      [0m
            [38;2;30;26;26m[48;2;71;60;58m▀[38;2;22;10;10m[48;2;32;14;12m▀[38;2;70;25;23m[48;2;67;25;20m▀[38;2;69;27;23m[48;2;69;25;23m▀[38;2;70;26;21m[48;2;70;26;22m▀[38;2;68;24;20m▀[38;2;63;23;19m[48;2;59;21;17m▀[38;2;94;46;34m[48;2;81;34;27m▀[38;2;118;60;43m[48;2;116;59;43m▀[38;2;90;41;31m[48;2;92;42;31m▀[38;2;105;51;38m[48;2;104;52;39m▀[38;2;105;52;37m[48;2;105;52;38m▀[48;2;106;53;38m▀[38;2;105;52;38m▄[48;2;105;52;37m▄[48;2;104;51;37m▄[38;2;67;35;27m[48;2;87;44;33m▀[38;2;213;113;83m[48;2;47;23;18m▀[38;2;232;137;102m[48;2;78;46;37m▀[38;2;252;187;146m[48;2;221;135;103m▀[38;2;252;187;147m[48;2;229;147;113m▀[38;2;251;186;145m[48;2;251;187;145m▀[38;2;251;188;146m[48;2;251;188;147m▀[48;2;251;187;147m▄[38;2;251;187;146m[48;2;249;183;143m▀[38;2;231;135;101m[48;2;228;121;89m▀[38;2;117;61;46m[48;2;146;77;57m▀[38;2;113;75;52m[48;2;95;63;44m▀[38;2;118;78;53m[48;2;118;78;54m▀[38;2;114;74;50m[48;2;115;76;51m▀[38;2;107;68;45m[48;2;104;66;44m▀[38;2;116;76;52m[48;2;116;76;51m▀▀[48;2;116;77;52m▄[38;2;117;76;52m▄[38;2;117;77;52m[48;2;117;77;52m▀[48;2;113;73;48m▀[38;2;100;62;39m[48;2;89;53;32m▀[38;2;87;51;31m[48;2;85;48;31m▀[38;2;86;45;31m[48;2;85;46;33m▀[38;2;86;47;31m[48;2;78;42;32m▀[38;2;97;91;88m[49m▀      [0m
            [38;2;80;72;70m[48;2;89;83;82m▀[38;2;41;20;16m[48;2;57;27;20m▀[38;2;28;11;9m[48;2;36;18;15m▀[38;2;68;25;21m[48;2;34;13;12m▀[48;2;69;26;21m▄[38;2;70;26;21m[48;2;70;26;23m▀[38;2;58;20;17m[48;2;59;20;17m▀[38;2;80;32;25m[48;2;72;27;22m▀[38;2;103;51;38m[48;2;96;47;36m▀[38;2;103;49;35m[48;2;108;51;37m▀[38;2;105;52;38m[48;2;99;48;35m▀[38;2;105;52;37m[48;2;106;53;38m▀[38;2;106;53;38m▀[38;2;105;52;38m[48;2;105;52;38m▀[38;2;106;53;38m[48;2;106;53;38m▀[38;2;105;52;37m▀[38;2;104;52;38m[48;2;106;52;38m▀[48;2;99;49;37m▄[38;2;132;78;60m[48;2;53;27;22m▀[38;2;251;182;144m[48;2;72;54;45m▀[38;2;253;187;146m[48;2;105;79;63m▀[38;2;251;187;145m[48;2;168;109;86m▀[38;2;252;188;147m[48;2;211;121;93m▀[38;2;245;169;130m[48;2;152;82;61m▀[38;2;214;118;88m[48;2;41;21;18m▀[38;2;217;113;84m[48;2;39;20;17m▀[38;2;159;83;60m[48;2;70;38;30m▀[38;2;89;59;41m[48;2;86;57;40m▀[38;2;122;79;55m[48;2;123;81;55m▀[38;2;120;78;52m[48;2;121;78;53m▀[38;2;101;64;44m[48;2;101;64;44m▀[38;2;116;76;51m[48;2;117;77;51m▀[48;2;116;77;51m▀[38;2;117;77;52m[48;2;117;77;52m▀[38;2;117;78;52m[48;2;117;77;51m▀[38;2;117;76;51m[48;2;102;62;40m▀[38;2;96;58;37m[48;2;88;52;32m▀[38;2;88;52;33m[48;2;86;49;32m▀[38;2;85;45;31m[48;2;85;44;32m▀[38;2;85;47;32m[48;2;85;46;33m▀[38;2;60;32;24m[48;2;39;22;16m▀[49m       [0m
             [38;2;48;22;17m[48;2;43;36;35m▀[38;2;60;29;22m[48;2;48;23;18m▀[38;2;31;16;13m[48;2;41;20;16m▀[38;2;38;15;12m[48;2;33;30;30m▀[38;2;69;25;22m[48;2;40;16;14m▀[48;2;66;24;21m▄[38;2;64;24;20m[48;2;59;21;18m▀[38;2;95;47;34m[48;2;83;35;27m▀[38;2;117;57;40m[48;2;119;60;44m▀[38;2;90;41;30m[48;2;90;41;31m▀[38;2;106;53;39m[48;2;105;52;37m▀[48;2;106;53;38m▄[38;2;105;52;38m[48;2;106;52;37m▀[38;2;106;53;38m[48;2;105;51;37m▀[38;2;106;52;38m[48;2;106;52;37m▀[48;2;106;53;39m▄[38;2;105;52;38m[48;2;105;52;38m▀[38;2;104;51;37m[48;2;105;51;37m▀[48;2;90;45;33m▄[38;2;82;41;32m[48;2;104;51;38m▀[38;2;49;25;20m[48;2;104;51;37m▀[38;2;27;14;12m[48;2;91;46;34m▀[38;2;24;16;12m[48;2;46;29;20m▀[38;2;46;21;17m[48;2;44;19;17m▀[38;2;54;23;21m[48;2;59;24;22m▀[38;2;33;15;13m[48;2;50;22;19m▀[38;2;85;56;39m[48;2;76;50;35m▀[38;2;118;78;54m[48;2;118;76;53m▀[38;2;117;77;53m[48;2;118;76;50m▀[38;2;97;60;41m[48;2;89;52;36m▀[38;2;114;73;50m[48;2;89;50;34m▀[38;2;117;77;52m[48;2;99;60;39m▀[48;2;98;60;38m▀[38;2;104;64;42m[48;2;88;51;31m▀[38;2;89;53;33m[48;2;89;52;33m▀[38;2;87;51;32m[48;2;85;46;32m▀[38;2;85;45;31m[48;2;86;45;32m▀[38;2;86;45;33m[48;2;86;46;33m▀[38;2;85;46;32m[48;2;57;31;22m▀[38;2;29;16;14m[48;2;52;28;21m▀[49m       [0m
              [38;2;83;83;84m▀[38;2;121;120;121m▀ [38;2;123;122;122m▀[38;2;41;15;14m[48;2;107;106;106m▀[38;2;57;19;17m[48;2;34;11;11m▀[38;2;77;30;23m[48;2;70;26;20m▀[38;2;108;53;39m[48;2;91;40;32m▀[38;2;100;48;35m[48;2;108;52;37m▀[38;2;106;53;39m[48;2;108;53;39m▀[38;2;107;53;39m[48;2;106;51;36m▀[38;2;106;51;38m[48;2;105;52;37m▀[38;2;105;51;38m[48;2;105;53;38m▀[38;2;105;51;37m[48;2;107;53;38m▀[38;2;104;51;38m[48;2;100;50;36m▀[38;2;105;51;38m[48;2;80;40;28m▀[38;2;105;52;37m[48;2;56;29;21m▀[38;2;104;52;36m[48;2;35;17;13m▀[38;2;102;51;36m[48;2;24;14;11m▀[38;2;85;43;31m[48;2;32;21;15m▀[38;2;66;33;24m[48;2;52;34;22m▀[38;2;42;27;19m[48;2;92;56;35m▀[38;2;40;19;16m[48;2;35;21;17m▀[38;2;58;23;22m[48;2;57;24;21m▀[38;2;52;23;19m[48;2;54;23;21m▀[38;2;68;44;31m[48;2;61;39;25m▀[38;2;123;77;51m[48;2;96;58;37m▀[38;2;90;54;33m[48;2;87;52;31m▀[38;2;84;48;32m[48;2;84;46;32m▀[38;2;89;48;34m[48;2;87;49;34m▀[38;2;89;48;33m[48;2;87;48;33m▀[38;2;88;49;32m[48;2;88;47;33m▀[38;2;88;50;32m[48;2;85;46;31m▀[38;2;84;47;31m[48;2;86;45;32m▀[38;2;87;44;33m[48;2;86;46;32m▀[38;2;87;45;33m[48;2;85;45;32m▀[38;2;84;46;33m[48;2;47;25;18m▀[38;2;31;18;14m[48;2;59;31;24m▀[38;2;75;40;30m[48;2;77;41;31m▀[49m       [0m
                   [38;2;119;117;117m▀[38;2;58;21;17m[48;2;87;77;75m▀[38;2;94;43;32m[48;2;52;26;19m▀[38;2;117;57;41m[48;2;70;39;31m▀[38;2;97;46;33m[48;2;57;47;46m▀[38;2;93;47;34m[48;2;84;82;82m▀[38;2;73;36;26m[48;2;126;126;126m▀[38;2;50;26;19m[49m▀[38;2;31;17;14m▀[38;2;27;19;15m▀[38;2;40;26;20m▀[38;2;60;39;27m▀[38;2;77;49;33m▀[38;2;94;59;39m▀[38;2;97;60;37m▀[38;2;95;59;35m▀[38;2;96;57;34m▀[38;2;56;34;22m▀[38;2;43;18;16m[48;2;56;50;49m▀[38;2;54;23;22m[48;2;53;24;21m▀[38;2;48;29;18m[48;2;75;43;29m▀[38;2;86;52;32m[48;2;85;50;33m▀[38;2;87;52;31m[48;2;67;39;27m▀[38;2;84;46;31m[48;2;30;17;13m▀[38;2;80;45;32m[48;2;66;63;63m▀[38;2;61;39;31m[49m▀[38;2;97;72;62m▀[38;2;111;79;67m▀[38;2;112;81;70m▀[38;2;113;81;71m▀[38;2;110;81;70m▀[38;2;72;62;59m▀[38;2;112;83;74m▀[38;2;109;83;74m▀       [0m
                                      [38;2;33;27;27m▀[38;2;33;19;13m▀[38;2;31;25;23m▀[38;2;87;87;87m▀                  [0m
                                                            [0m